------------------------test0----------------------
28200
61884
106072
140233
169848
204558
236683
271423
299993
333039
369542
404322
406439
428021
439533
440339
451122
472018
448614
390516
------------------------test1----------------------
27867
46584
106737
134478
152178
199620
231640
265530
308002
335327
365914
399756
415169
425177
444029
451270
456930
461278
467119
455091
------------------------test2----------------------
27569
60435
107369
141220
151629
203567
231804
259449
302922
331556
371836
402381
413436
431047
432974
449537
455035
447723
466351
444397
------------------------test3----------------------
27457
51553
104677
133686
164981
203193
232037
269579
299593
335583
371596
400382
415233
436042
436429
449013
447648
469433
465517
467071
------------------------test4----------------------
27990
52607
106796
133787
175056
201874
230986
264345
301443
336989
368067
401361
415279
430634
435611
456503
461237
441677
494044
465261
