------------------------test0----------------------
491
2203
1451
1938
20199
17415
12841
16586
6967
25869
5751
18458
70993
7072
29805
17136
8603
9017
9194
30324
------------------------test1----------------------
480
1008
1408
3431
2514
3042
3929
3787
4442
4717
5206
6554
6262
7989
9173
8341
9087
10640
10505
10013
------------------------test2----------------------
490
963
1406
1896
2997
14588
4366
3819
8285
5146
5254
5776
8100
35863
7662
45578
16884
23559
9651
30598
------------------------test3----------------------
491
952
1435
1925
2413
3318
3299
3763
4448
7926
6132
6296
31599
41459
7990
8092
8306
45127
9553
46850
------------------------test4----------------------
1461
975
2612
2855
6870
3639
12571
10112
5041
6095
5167
5652
9359
7303
7565
22003
11021
18233
9680
9770
------------------------test5----------------------
469
931
1394
1904
2351
3204
3309
3796
4249
6746
5590
9828
6188
6658
9265
13709
26395
33237
44939
10477
------------------------test6----------------------
474
947
5651
11020
2440
2970
3486
5081
7806
13406
5203
19459
19852
6821
17046
10082
46312
28402
79610
9781
------------------------test7----------------------
471
2088
1406
1884
2321
2842
3291
5179
25278
43741
15615
38698
40405
33344
15032
9372
100215
8734
183479
32667
------------------------test8----------------------
481
943
2651
8265
5808
3780
3376
4554
19912
54033
657083
70314
319026
360097
1042235
390942
709765
10029
490625
79847
------------------------test9----------------------
798
1298
1720
177935
4071
4156
138919
164787
268769
5942
183477
198511
326165
18687
195289
20526
192773
231057
34683
107002
