------------------------test0----------------------
2380
4111
10511
15053
11627
23160
79584
78162
68878
31115
74256
74825
63256
127799
111861
110263
190497
103506
104917
218576
------------------------test1----------------------
1938
3828
5818
7671
16014
21474
32087
36757
28323
27286
63452
80785
80222
48359
38505
80158
88535
116445
158419
74984
------------------------test2----------------------
1781
4427
9071
18047
7540
18202
15905
20381
23591
47883
53381
108505
111447
156436
41849
116166
78863
75345
147367
104787
------------------------test3----------------------
1514
2986
4472
14926
9605
13521
16568
24216
16016
29956
33198
91388
53689
40832
51995
134422
105581
64875
162344
216444
------------------------test4----------------------
1590
3453
5771
10211
15602
9109
13572
41290
23897
60810
31198
62805
24171
139484
137864
87757
175335
66035
190811
155429
------------------------test5----------------------
1926
7248
4519
6020
8715
17702
27552
18302
17306
32364
103027
68383
39478
86127
102697
65927
158649
205358
111561
65642
------------------------test6----------------------
1516
7120
4711
7650
23787
17553
14533
28058
61681
25054
66511
85950
63110
51006
105507
104294
108309
134156
181582
141714
------------------------test7----------------------
1556
3152
4724
6362
20043
26484
28619
48517
44979
40630
85339
74944
59820
56094
58587
91489
90732
190808
139138
112418
------------------------test8----------------------
1932
3898
5772
14804
9726
21150
10629
36605
44837
55790
74019
87100
84176
62101
70503
153271
62961
160881
183487
114722
------------------------test9----------------------
1590
3128
4726
10357
12800
15097
23441
18508
37701
51731
73609
23153
41839
70890
80570
177340
183597
41569
118042
65189
