------------------------test0----------------------
2057
7568
13654
7678
9700
13620
32718
29433
43134
57142
31825
79700
100981
97497
127805
145723
103731
179615
98658
206734
------------------------test1----------------------
2334
3833
5763
18442
11561
17034
16651
14381
13671
45554
61045
95265
120510
109624
54046
94904
52709
134362
127795
156728
------------------------test2----------------------
1942
3830
5808
7663
12938
30426
32220
19495
19076
43219
43898
86494
75807
33809
84519
79202
138450
100999
229098
189474
------------------------test3----------------------
1539
3280
8621
7722
9604
22477
23321
34330
22499
41611
41686
105460
98875
42671
114929
124458
98269
119277
106172
203509
------------------------test4----------------------
1930
3825
5748
18626
9625
15007
20836
42858
20795
16681
126783
59707
64433
55173
70931
119024
167965
29694
155604
130039
------------------------test5----------------------
1937
3840
9351
7243
18448
25136
18638
38752
45442
34668
45748
75146
108336
52197
72442
49137
74190
111673
129309
141335
------------------------test6----------------------
1594
3155
4729
18112
16635
11546
27260
24161
29674
24878
69684
47985
46451
103972
62374
31280
86535
211557
243584
165209
------------------------test7----------------------
1545
3110
4544
14030
19551
17036
22551
28057
34938
47022
32717
49766
147950
111426
146153
162122
197167
134924
211991
120619
------------------------test8----------------------
1524
2999
8524
10027
7601
17586
14566
32727
32618
63297
55223
37607
97565
53678
91513
98890
95095
94100
151433
219227
------------------------test9----------------------
1516
3044
4481
5989
7525
25050
16025
15378
21427
33848
30009
98944
152540
58052
73398
141293
103668
62560
239088
211110
