------------------------test0----------------------
2403
3847
9465
7503
20234
31549
18566
28069
70656
50295
77819
58529
39875
98292
52618
98192
103765
163367
69406
255577
------------------------test1----------------------
1931
3832
10406
7679
12033
17616
36612
17919
47057
21343
39106
78780
89702
80542
110740
83508
156414
116305
151045
233982
------------------------test2----------------------
1518
3018
5247
14905
19671
21331
22663
32976
40162
45595
69023
42130
44268
126355
194653
148806
99705
230361
261800
252966
------------------------test3----------------------
1936
3847
9646
7096
7536
12023
22999
23906
26697
63912
61407
37515
92453
49209
101187
129682
89630
66196
199312
221047
------------------------test4----------------------
1538
3025
8551
7489
15697
9157
23421
15282
32241
60504
33712
65243
88543
105343
43099
143911
219346
189513
71351
192521
------------------------test5----------------------
1515
3228
8545
15050
9590
11509
17445
34511
20019
41840
26851
77723
79691
63230
123842
105224
50160
101928
233784
175837
------------------------test6----------------------
1944
3833
8808
6297
32412
10331
22596
24761
21592
63721
51630
46868
56428
77097
168612
190912
160509
184831
69385
176672
------------------------test7----------------------
1921
7280
4799
14124
12482
21232
15032
14569
52746
44468
67479
59028
61641
73451
58710
130147
95406
205073
165421
149395
------------------------test8----------------------
1531
3032
4559
6066
15592
17222
27109
21088
52066
41685
52751
73334
80462
63611
92882
45170
103976
207662
103848
288600
------------------------test9----------------------
1587
7149
4729
20902
11879
9461
22820
24484
19246
18166
59167
46608
44583
93366
84644
48972
163429
117842
118102
223457
