------------------------test0----------------------
1932
7139
13042
11001
9281
21208
38639
28403
18538
72914
66101
83448
92771
70994
105682
157313
95560
131531
192952
63597
------------------------test1----------------------
1535
3035
4553
6054
15596
9116
31027
28389
58156
62544
42161
58707
72940
157377
105514
48500
142452
170683
162456
169001
------------------------test2----------------------
1518
3004
8517
6869
16077
12964
22823
20120
49707
71526
54409
84699
65595
53484
156742
132357
108362
158735
208049
126720
------------------------test3----------------------
1932
3838
5140
6079
11592
18511
40612
32618
37971
35403
40133
62914
42886
95331
119551
149190
185932
260856
163093
246847
------------------------test4----------------------
1514
3018
4544
6480
15670
21195
18564
37385
37577
31164
24754
74612
47724
98894
49383
92754
132174
83878
206047
132847
------------------------test5----------------------
1520
3044
9174
7658
12091
9071
26713
36204
33737
60065
44620
41430
62442
29454
95843
71265
147377
104025
189972
151176
------------------------test6----------------------
1595
7150
4733
10383
19540
25754
13286
56202
33707
49493
86424
74675
95198
120824
56410
86849
82646
135243
154055
134214
------------------------test7----------------------
1518
3022
9279
14148
24441
17702
18268
15387
42929
77687
45807
53724
75980
41991
112255
124423
216049
40154
54140
212942
------------------------test8----------------------
2041
5111
6056
15194
9641
11612
39553
12769
34645
25448
51809
57549
108058
93722
46880
84579
75985
153239
104163
152547
------------------------test9----------------------
1929
3830
5747
10519
11541
19141
44405
18872
43274
35294
42931
77445
89572
135266
49740
109251
111459
192090
91194
180575
