------------------------test0----------------------
485
1135
1471
1899
2458
2907
5454
14135
5738
4899
7042
7281
7798
7023
73915
10958
11920
8927
10365
83683
------------------------test1----------------------
477
946
1440
1898
2413
6726
3434
4018
4811
5552
5595
7738
6460
8658
31680
9939
9457
10834
13746
28394
------------------------test2----------------------
488
957
1399
1918
2371
3083
5343
4123
4376
26829
5481
7837
6356
6880
7885
8061
15607
41564
22862
49694
------------------------test3----------------------
483
978
1460
3533
2438
3153
3314
10314
9582
10994
7289
24499
7919
11869
9459
26174
10385
50902
52440
10412
------------------------test4----------------------
473
931
1457
1927
2340
9853
17160
4311
4423
8832
6393
35015
11355
7020
9300
19638
14029
15785
32457
22420
------------------------test5----------------------
2258
9152
3885
10942
6658
6644
8248
4032
5535
5019
68713
44251
8960
9365
26203
9690
17458
19645
31726
17058
------------------------test6----------------------
480
999
1422
1905
3451
3144
3351
3972
5289
11396
12060
12836
12762
24589
8173
15666
58731
75008
10001
15539
------------------------test7----------------------
3391
995
1410
1888
5021
4122
4858
18220
29306
5085
20417
24885
26557
27366
73820
23270
16944
37715
24719
28297
------------------------test8----------------------
482
933
1402
2843
37473
13750
8959
113776
23661
10600
161031
1381009
13208
11319
12097
8731
434946
9171
448709
44916
------------------------test9----------------------
531
1068
1658
248543
4029
7188
6898
4133
8540
116708
278143
20834
774044
50522
9051
49980
8548
15298
215045
938611
