------------------------test0----------------------
1518
4732
4801
14228
43091
20164
52180
41483
52123
68593
57918
54879
89105
100145
64509
159183
121044
118193
93642
100177
------------------------test1----------------------
1919
7100
9592
10058
9557
21166
10626
36153
13822
47186
69862
35043
109793
51096
221372
89839
67840
142567
133577
190600
------------------------test2----------------------
1925
7353
4562
6057
11617
9312
39835
14626
20197
47205
29834
78567
111955
52919
86999
117681
156639
154442
171394
62050
------------------------test3----------------------
2239
4257
5790
7098
24489
12105
13689
71559
68712
51333
49361
100400
53421
111832
140509
125927
202464
97818
62460
253738
------------------------test4----------------------
1515
9302
7331
6269
18334
40157
18832
56834
30821
67102
45065
58821
44701
139643
134047
69264
137063
156502
224828
210284
------------------------test5----------------------
1941
12536
8748
14647
20594
11808
34053
33194
76005
17821
35486
77706
111909
63236
108547
178580
120663
200094
172364
183686
------------------------test6----------------------
2194
3874
17516
7145
15766
11906
15408
47211
60644
47595
82279
75270
87472
144668
95102
122380
104289
232685
147050
244366
------------------------test7----------------------
1936
3829
5763
7911
12571
11677
40438
43264
52738
31599
38938
61499
82510
119741
68352
154221
93974
247475
165450
133056
------------------------test8----------------------
1926
3826
5749
19475
27871
17176
16575
24630
26091
51863
41554
54710
50339
104314
46705
77225
90077
147966
169476
211426
------------------------test9----------------------
1922
3828
5768
7671
12517
17034
31103
12117
36566
72276
52701
54259
72568
146235
144760
48198
73561
199379
126521
108873
