------------------------test0----------------------
596
3613
1837
4849
2393
2872
4321
6443
4789
5216
5455
6035
10184
37670
10716
87532
13431
37012
34542
26544
------------------------test1----------------------
482
934
1464
1872
2422
3514
5292
8005
8510
5466
21664
8550
14901
6901
8935
7857
11190
9717
12039
31642
------------------------test2----------------------
524
932
1486
2187
2429
5858
3399
5826
4854
5014
5559
24072
6924
7994
7732
9643
9606
9625
33911
26930
------------------------test3----------------------
1160
1964
1949
1932
2487
3562
3929
4088
4500
5210
7536
13378
7584
7052
7962
7965
10993
10184
9354
54415
------------------------test4----------------------
1777
1215
1521
1886
2413
3527
3426
9921
4469
10286
16217
7852
6637
7278
25439
7778
8257
9137
10983
19426
------------------------test5----------------------
611
1364
1915
1901
2566
3043
3379
4027
4244
5424
15658
6012
20136
8673
9303
57281
8779
47871
11848
16809
------------------------test6----------------------
480
975
1446
1937
2383
5677
3627
4454
7975
8977
14957
14639
6379
14897
19892
20894
11760
12303
47416
60748
------------------------test7----------------------
547
986
1414
1954
2446
3332
3432
5847
13302
8073
5623
6604
11231
13134
14467
19256
46129
355513
148603
243302
------------------------test8----------------------
560
75577
2743
3401
3027
22428
3386
98960
51886
179080
14969
7531
6310
177582
24417
151893
29083
536708
10678
62033
------------------------test9----------------------
485
941
5474
1955
2471
9036
3609
596829
466702
662356
34673
1536498
693725
567169
22545
270330
157063
341351
894308
585573
