------------------------test0----------------------
2721
5910
14403
16241
26815
28166
35999
37792
96497
70145
109563
106600
113442
117695
202572
180421
145899
240924
277517
273220
------------------------test1----------------------
2624
8888
14813
16303
22349
38868
39708
44215
54200
72994
83491
94359
95790
121853
200588
192782
168505
256063
236834
242115
------------------------test2----------------------
2848
12422
13122
16818
21178
32615
35222
43506
61072
74307
87987
83020
116939
146944
158415
155247
169433
179414
254447
222038
------------------------test3----------------------
2739
3701
15003
16910
26432
31134
41967
45221
62681
80033
84387
83584
101550
129471
127888
165662
239987
181617
243404
277057
------------------------test4----------------------
2715
11714
13389
16518
29026
30662
38019
45406
63624
68248
82599
93480
86252
114901
124107
163791
164634
197609
211254
271560
------------------------test5----------------------
2735
3739
14327
16250
22153
29712
43948
44769
68124
74938
90438
84438
139735
112668
184098
164034
197696
207051
275554
269381
------------------------test6----------------------
2679
11805
14682
16182
29637
38739
33553
54030
60813
71126
75221
104982
147382
116153
166219
128494
187924
168337
237645
212881
------------------------test7----------------------
2775
3715
14265
16251
24604
34903
46109
56691
63800
83991
108533
117651
93335
126041
170345
174669
164774
209831
235338
205360
------------------------test8----------------------
2710
3686
14587
16344
33151
36151
33140
46157
59688
65353
65641
91247
152875
98496
207419
171432
176664
209533
237712
284069
------------------------test9----------------------
2747
13019
14552
16296
26463
29968
40052
43007
63281
69346
77780
93776
135314
158426
144601
173911
202225
248691
233041
322253
