------------------------test0----------------------
2262
4484
6039
7689
15786
25123
19254
25702
24465
40953
21183
47081
103949
58592
54722
75048
126638
92056
114991
76753
------------------------test1----------------------
1522
3008
5383
11673
17632
11554
46110
15741
31124
39680
50285
65152
43760
41353
55570
125267
200168
164619
135737
188819
------------------------test2----------------------
1547
3019
5390
7678
13011
15102
16282
36412
50444
39284
29288
81014
74633
124666
127410
79904
68271
162140
152289
214991
------------------------test3----------------------
1528
3027
8866
10208
11497
18930
29289
49380
18358
42874
39100
62479
112860
70664
95091
143511
69296
124549
118767
206744
------------------------test4----------------------
1943
3831
5761
15267
27939
30069
32900
16349
34941
28422
31847
31652
76078
34580
130205
83149
147455
188315
104276
171475
------------------------test5----------------------
1534
3036
4507
14877
9605
18278
13460
19369
21719
68116
86317
99581
67878
53285
88365
77070
184334
150955
86231
69882
------------------------test6----------------------
3624
4192
5789
8036
9657
11551
23113
14747
49806
66142
52827
62113
100692
98515
125304
227716
110721
170203
201431
170716
------------------------test7----------------------
1520
3019
4633
6025
23531
17067
30569
32186
27357
21700
40051
109000
27908
94953
116942
168354
128890
76842
183641
148330
------------------------test8----------------------
1941
3836
6037
7703
12353
14861
25261
15380
20159
52105
37183
31359
103655
51195
114464
136337
97953
185192
172576
214188
------------------------test9----------------------
1530
7041
4547
18082
11625
9053
16299
28106
43021
31304
39042
136975
75880
110755
138837
161284
193141
151342
153006
280262
