------------------------test0----------------------
955
1712
2467
3200
11776
2934
3393
7911
4382
8245
5464
6758
6437
21524
7716
8825
10061
8758
9570
41919
------------------------test1----------------------
502
960
1485
2049
5473
2894
3377
3880
16915
4909
13386
5906
6332
17560
7467
8282
8347
8976
9290
31745
------------------------test2----------------------
493
958
1423
1891
2531
3324
13815
4101
5974
5015
5461
7423
30007
25651
21464
11282
19090
9055
9950
43793
------------------------test3----------------------
489
944
1432
2001
2428
2831
3312
10140
5427
4912
25439
5971
8263
6747
7307
20171
10692
22677
55654
16092
------------------------test4----------------------
483
947
1479
2025
2461
5035
7362
3827
30270
5852
12030
9482
18663
22856
24689
32737
24151
27552
9485
10179
------------------------test5----------------------
467
933
1414
1863
2740
2864
3309
3788
16317
4751
6589
6089
7041
7928
7138
13254
11025
8553
20006
10176
------------------------test6----------------------
1118
1106
7357
3180
2737
3309
8369
3912
4270
12218
10135
5715
6328
29058
30986
8783
45492
32197
45534
10546
------------------------test7----------------------
481
966
1428
1894
2381
6947
14156
26768
25020
25428
5365
15332
9032
41899
56598
11553
24894
95404
117360
403303
------------------------test8----------------------
559
11123
62678
5541
6404
2907
16942
37687
7640
139095
402258
6838
7014
71230
251327
117530
207775
497547
396131
78877
------------------------test9----------------------
503
935
816657
2303
14334
3466
26869
9600
17887
5498
231955
266695
514066
627510
21747
47721
49821
463549
20339
10224
