bootbootbootbootbootbootbootbootbootbootbootbootbootbootbootbootbootbootbootbootbootbootbootbootbootbootbootbootbootbootbootbootbootbootbootbootbootbootbootbootbootbootbootbootbootbootbootbootbootbootbootbootbootbootbootbootbootbootbootbootbootbootbootbootbootbootbootbootbootbootbootbootbootbootbootbootbootbootbootbootbootbootbootbootbootbootbootbootbootbootbootbootbootbootbootbootbootbootbootbootbootbootbootbootbootbootbootbootbootbootbootbootbootbootbootbootbootbootbootbootbootbootbootbootbootbootbootboot


512 0 4 10243 14 10133 0 0 0 0 0 0 0 0 0 0 0 0 0 0 0 0 0 0 0 0 0 0 0 0 0 0 0 0 0 0 0 0 0 0 0 0 0 0 0 0 0 0 0 0 0 0 0 0 0 0 0 0 0 0 0 0 0 0 0 0 0 0 0 0 0 0 0 0 0 0 0 0 0 0 0 0 0 0 0 0 0 0 0 0 0 0 0 0 0 0 0 0 0 0 0 0 0 0 0 0 0 0 0 0 0 0 0 0 0 0 0 0 0 0 0 0 0 0 0 0 0 0 
--------------------------------------
--0--
           0           0           1       93821       18390        9921   536561894   609329799   502539239
        1120        8393        1579        9539        7108        7883        4762        1980        1030        8610
        4500        3711           0           0           0           0
--------------------------------------------------------------------------------------------
--1--
           0           0           1      181905       18390        9921  1800145544   839749086  1684302434
        3830        2687        4963        2929        4463        9865        5972        4996         179        9419
        1082        9196        4895           0           0           0
--------------------------------------------------------------------------------------------
--2--
           0           0           1       42284       18390        9921   581090236  1403568088  1274429130
        4008        1963        5253        8446        6304        9449         796        7281        3164        9751
        9672           0           0           0           0           0
--------------------------------------------------------------------------------------------
--3--
           0           0           1         346       18390        9921   677139821   388682480   215958763
        8760           0           0           0           0           0           0           0           0           0
           0           0           0           0           0           0
--------------------------------------------------------------------------------------------
--4--
           0           0           1       10758       18390        9921   851491514  1791460552  1991028429
        2886        8305       10049        4425        2751        3056       10010        9880        8539        2945
        5221           0           0           0           0           0
--------------------------------------------------------------------------------------------
--5--
           0           0           1       16964       18390        9921   289780933  1783691099  1488850605
         464        3394        3714        1947        3382        9122        2468        5450        9548         930
        9695           0           0           0           0           0
--------------------------------------------------------------------------------------------
--6--
          -1           0           0           0           0           0           0           0           0
           0           0           0           0           0           0           0           0           0           0
           0           0           0           0           0           0
--------------------------------------------------------------------------------------------
--7--
           0           0           1        2324       18390        9921   484609576   301364203  1799293787
        1204         866        4000        2590        9027           0           0           0           0           0
           0           0           0           0           0           0
--------------------------------------------------------------------------------------------
--8--
           0           0           1       15164       18390        9921   861855779  1495993190   677020664
        8728        9118        5433        3180         370        4347        9867        8600        3608        2878
        8209           0           0           0           0           0
--------------------------------------------------------------------------------------------
--9--
           6           0           0           0           0           0           0           0           0
           0           0           0           0           0           0           0           0           0           0
           0           0           0           0           0           0
--------------------------------------------------------------------------------------------
--10--
           0           0           1       21851       18390        9921   159639465   712955856   567770645
        2682        4042        2440        1527         801        3031        6162        5723        5850        7954
       10071           0           0           0           0           0
--------------------------------------------------------------------------------------------
--11--
           0           0           1       20024       18390        9921   527743760   733695875  1567008878
        8194        9646         367        7806        8800        7784        4264        5248        3437        7172
        4868           0           0           0           0           0
--------------------------------------------------------------------------------------------
--12--
           0           0           1          86       18390        9921   551005105  1947867071    58179161
        6752           0           0           0           0           0           0           0           0           0
           0           0           0           0           0           0
--------------------------------------------------------------------------------------------
--13--
           0           0           1      229944       18390        9921  1153579291   621662272  2045539985
        5271        2605        7348        1198        2177        5653        4148        7403         278        7879
         216        8872        9470        1494           0           0
--------------------------------------------------------------------------------------------
--14--
           9           0           0           0           0           0           0           0           0
           0           0           0           0           0           0           0           0           0           0
           0           0           0           0           0           0
--------------------------------------------------------------------------------------------
--15--
           0           0           1        1273       18390        9921   365843202  1203430068    66029316
        3223        5499        6493           0           0           0           0           0           0           0
           0           0           0           0           0           0
--------------------------------------------------------------------------------------------
--16--
           0           0           1        4002       18390        9921   805419527   510768439  1349354673
       10076        8377        3067        6944        7443        5848        2211        9048           0           0
           0           0           0           0           0           0
--------------------------------------------------------------------------------------------
--17--
           0           0           1        1956       18390        9921  1764889125   879318430  1737407948
        4740        4955        6638        3373           0           0           0           0           0           0
           0           0           0           0           0           0
--------------------------------------------------------------------------------------------
--18--
           0           0           1      250637       18390        9921  1368303842   460349002   504627455
        6894        6542        2034        5260        4917        3234        9581        7611        2609        2502
        1711        8200        1674        7023           0           0
--------------------------------------------------------------------------------------------
--19--
           0           0           1      184059       18390        9921  1178053784  1534755217   773242642
        2358         374        8994        7551        3648        2304         545        3312        6085        8122
       10017        8285        3724           0           0           0
--------------------------------------------------------------------------------------------
